 123456789   123456789   123456789 
  123456789  123456789  123456789  
   123456789 123456789 123456789   
                                   
5    12345678 1234567 12345678    1
44    1234567 1234567 1234567    12
33 7                           1 23
22 66  1234567 12345 1234567  12 34
11 55   123456 12345 123456   23 45
88 44 9  12345 12345 12345  1 34 11
77 33 87  ---------------  12 45 22
66 22 765|               |123 56 33
55 11 654|               |234 67 44
      543|               |345      
44 76 432|               |456 11 55
33 65 321|               |567 22 66
22 54 21  ---------------  78 33 77
11 43 1  54321 54321 54321  9 44 88
54 32   654321 54321 654321   55 11
43 21  7654321 54321 7654321  66 22
32 1                           7 33
21    7654321 7654321 7654321    44
1    87654321 7654321 87654321    5
                                   
   987654321 987654321 987654321   
  987654321  987654321  987654321  
 987654321   987654321   987654321 

