 333333333   333333333   333333333 
  333333333  333333333  333333333  
   333333333 333333333 333333333   
                                   
3    22222222 2222222 22222222    3
33    2222222 2222222 2222222    33
33 2                           2 33
33 22  1111111 11111 1111111  22 33
33 22   111111 11111 111111   22 33
44 22 1  11111 11111 11111  1 22 44
44 22 11  ---------------  11 22 44
44 22 111|               |111 22 44
44 22 111|               |111 22 44
      111|               |111      
44 22 111|               |111 22 44
44 22 111|               |111 22 44
44 22 11  ---------------  11 22 44
44 22 1  11111 11111 11111  1 22 44
33 22   111111 11111 111111   22 33
33 22  1111111 11111 1111111  22 33
33 2                           2 33
33    2222222 2222222 2222222    33
3    22222222 2222222 22222222    3
                                   
   333333333 333333333 333333333   
  333333333  333333333  333333333  
 333333333   333333333   333333333 